version https://git-lfs.github.com/spec/v1
oid sha256:022263f6f33b9ae8f8f2d7dece7c4a2e1ed5a0a1e91bbd0c0f13bbe455e3ca97
size 922617
